     1 |             0.00000205 |            41.2914 |     20185088
     2 |             0.00000280 |            56.4829 |     20185088
     3 |             0.00000328 |            66.2291 |     20185088
     4 |             0.00000368 |            74.2634 |     20185088
     5 |             0.00000402 |            81.1487 |     20185088
     6 |             0.00000434 |            87.5137 |     20185088
     7 |             0.00000460 |            92.8428 |     20185088
     8 |             0.00000485 |            97.9161 |     20185088
     9 |             0.00000508 |           102.5814 |     20185088
    10 |             0.00000530 |           106.9441 |     20185088
    11 |             0.00000549 |           110.7808 |     20185088
