     1 |             0.00000209 |            42.1325 |     20185088
     2 |             0.00000296 |            59.7523 |     20185088
     3 |             0.00000337 |            68.0875 |     20185088
     4 |             0.00000378 |            76.2625 |     20185088
     5 |             0.00000413 |            83.4286 |     20185088
     6 |             0.00000439 |            88.6729 |     20185088
     7 |             0.00000462 |            93.2401 |     20185088
     8 |             0.00000464 |            93.7225 |     20185088
     9 |             0.00000465 |            93.8508 |     20185088
    10 |             0.00000465 |            93.8635 |     20185088
    11 |             0.00000465 |            93.8635 |     20185088
    12 |             0.00000465 |            93.9022 |     20185088
    13 |             0.00000465 |            93.9152 |     20185088
