     1 |             0.00000060 |            24.0543 |     40370176
     2 |             0.00000090 |            36.4271 |     40370176
     3 |             0.00000103 |            41.6647 |     40370176
     4 |             0.00000110 |            44.4283 |     40370176
     5 |             0.00000117 |            47.2554 |     40370176
     6 |             0.00000124 |            49.9841 |     40370176
     7 |             0.00000135 |            54.3559 |     40370176
     8 |             0.00000140 |            56.4470 |     40370176
     9 |             0.00000145 |            58.3935 |     40370176
    10 |             0.00000154 |            62.2761 |     40370176
    11 |             0.00000169 |            68.0962 |     40370176
    12 |             0.00000171 |            69.0515 |     40370176
