     1 |             0.00000150 |            30.2151 |     20185088
     2 |             0.00000212 |            42.6986 |     20185088
     3 |             0.00000245 |            49.5355 |     20185088
     4 |             0.00000274 |            55.3696 |     20185088
     5 |             0.00000300 |            60.4805 |     20185088
     6 |             0.00000322 |            64.9584 |     20185088
     7 |             0.00000344 |            69.3749 |     20185088
     8 |             0.00000362 |            73.0685 |     20185088
     9 |             0.00000381 |            76.8162 |     20185088
    10 |             0.00000397 |            80.1245 |     20185088
    11 |             0.00000413 |            83.3308 |     20185088
    12 |             0.00000428 |            86.3872 |     20185088
    13 |             0.00000442 |            89.1561 |     20185088
    14 |             0.00000455 |            91.9355 |     20185088
    15 |             0.00000468 |            94.4227 |     20185088
