     1 |             0.00000084 |            16.8760 |     20185088
     2 |             0.00000128 |            25.7627 |     20185088
     3 |             0.00000146 |            29.4161 |     20185088
     4 |             0.00000155 |            31.3325 |     20185088
     5 |             0.00000165 |            33.2577 |     20185088
     6 |             0.00000177 |            35.8209 |     20185088
     7 |             0.00000188 |            37.9422 |     20185088
     8 |             0.00000197 |            39.8651 |     20185088
     9 |             0.00000206 |            41.5674 |     20185088
    10 |             0.00000226 |            45.5954 |     20185088
    11 |             0.00000234 |            47.2777 |     20185088
    12 |             0.00000236 |            47.6483 |     20185088
